SAMPLES:	2832
BITSPERSAMPLE:	8
CHANNELS:	1
SAMPLERATE:	22050
NORMALIZED:	FALSE
128
128
128
128
128
128
128
128
128
128
128
128
128
128
128
128
128
128
128
128
128
128
128
128
128
128
128
128
128
128
128
128
128
128
128
128
128
128
128
128
128
128
128
128
128
128
127
127
127
127
127
127
128
127
127
127
128
128
128
128
128
128
128
128
128
128
128
128
128
128
128
128
128
128
128
128
129
129
128
128
128
128
128
128
128
128
128
128
128
128
128
128
128
128
128
128
128
128
128
129
129
129
129
129
129
130
130
130
130
130
130
130
130
130
130
130
130
130
131
130
130
130
130
130
130
130
130
130
130
130
130
130
130
130
130
130
129
129
129
129
129
129
129
129
129
129
130
130
130
130
130
130
130
129
129
130
130
130
129
129
129
129
129
129
129
129
129
129
129
129
129
129
129
129
129
129
129
129
129
129
129
129
129
129
129
129
128
129
129
129
129
129
129
129
129
129
129
129
129
129
129
129
129
129
129
129
129
129
129
129
129
129
129
129
129
129
129
129
129
128
129
129
129
129
129
129
129
129
128
129
129
128
128
128
128
129
128
128
129
129
129
129
129
129
129
129
129
129
129
129
129
129
129
129
129
129
129
129
129
129
129
129
129
129
129
129
129
129
129
129
129
129
129
129
129
129
129
129
129
129
129
129
129
129
128
128
129
129
129
129
129
129
129
129
129
129
129
129
130
130
130
129
129
129
129
130
130
129
129
129
129
129
129
128
129
129
129
129
129
129
129
129
129
129
129
130
130
130
130
130
130
129
129
129
130
129
129
129
129
129
129
129
128
128
128
128
128
128
128
128
128
128
128
128
128
128
128
128
128
128
128
128
129
129
129
129
129
129
129
129
129
129
129
129
129
129
129
129
129
129
129
129
129
129
129
129
129
129
129
129
129
129
128
129
129
128
128
128
128
128
128
128
128
128
128
128
128
128
128
128
128
128
128
128
128
128
128
129
129
129
129
129
128
128
129
128
129
129
129
128
128
128
128
128
128
124
137
143
139
113
139
150
137
116
120
115
143
128
214
191
159
107
172
223
226
131
167
142
185
148
122
139
105
137
168
177
120
101
164
193
147
63
89
165
137
77
66
117
164
144
92
104
139
132
139
132
106
65
74
152
197
124
114
53
143
174
191
139
92
74
107
156
199
145
62
50
160
183
146
114
128
194
158
109
93
87
84
102
161
188
135
84
98
170
200
134
92
75
114
130
141
141
101
69
103
153
164
136
111
127
127
116
93
106
120
111
104
128
155
134
107
121
148
150
123
116
126
122
102
87
105
148
166
172
150
132
132
155
153
134
115
114
136
134
122
119
131
141
146
133
146
149
139
123
115
122
123
111
113
123
141
131
128
129
123
103
89
93
113
128
126
114
100
99
105
121
128
114
108
104
116
111
81
60
70
114
146
148
117
85
89
117
153
159
117
82
81
105
138
140
112
93
107
150
174
138
91
84
112
146
160
128
111
106
133
158
154
133
108
105
128
149
141
107
95
110
128
143
127
118
120
140
158
139
102
86
104
132
141
121
105
111
125
131
127
119
116
123
132
137
114
95
102
128
152
150
134
123
121
124
128
132
128
118
123
134
136
124
108
120
143
163
159
133
113
111
121
139
135
120
103
116
144
155
141
118
108
122
132
138
124
112
107
111
120
118
104
102
111
127
132
128
113
102
98
97
106
127
128
123
119
116
115
114
120
122
118
113
112
123
126
122
115
119
132
141
145
139
125
119
131
141
141
128
115
121
132
135
130
128
130
134
136
134
134
130
127
128
128
131
132
138
142
142
138
131
127
126
134
131
131
129
136
135
133
127
123
125
129
137
139
136
123
110
108
122
132
131
122
113
121
130
133
123
112
111
126
133
128
115
104
119
134
143
136
122
115
124
137
137
129
124
126
134
140
138
133
128
130
133
134
135
128
122
118
125
129
126
120
119
128
135
138
134
127
118
118
121
124
119
119
125
128
128
126
120
119
129
132
134
134
139
133
128
126
128
134
134
135
134
130
128
128
134
140
137
132
129
133
138
138
135
134
131
133
130
129
115
113
113
125
128
126
128
126
128
127
127
128
125
123
121
120
125
124
126
122
118
120
124
128
128
128
130
133
131
127
125
128
131
130
131
132
135
129
126
124
126
128
130
129
126
127
130
137
142
137
125
121
127
134
129
120
117
119
128
131
128
122
124
127
126
128
123
124
121
113
112
117
125
126
119
117
122
128
132
128
124
121
120
127
128
126
128
129
130
129
127
129
132
130
127
129
132
134
133
133
132
135
138
142
138
131
125
126
130
130
124
122
119
123
128
133
136
130
127
130
130
132
125
120
122
126
128
133
127
122
121
131
133
131
123
122
123
125
125
125
131
130
127
125
128
131
131
127
127
124
124
126
129
133
129
129
135
138
138
134
129
129
131
133
132
131
128
123
125
133
133
128
123
124
128
127
123
117
117
118
121
122
122
117
116
122
126
124
120
118
118
119
121
123
124
125
126
125
125
128
125
128
129
132
130
128
126
134
137
137
135
131
134
136
138
138
133
131
132
133
137
135
137
135
141
146
142
137
130
131
135
140
133
128
126
130
133
131
123
119
120
129
130
121
118
118
122
125
121
121
119
122
121
120
125
124
125
123
122
121
124
127
129
130
128
128
133
137
135
132
132
135
134
135
137
136
134
135
137
137
134
130
128
131
132
131
134
135
135
129
126
129
133
134
128
125
125
128
128
124
118
122
125
128
123
121
125
127
127
123
123
122
120
120
123
125
128
126
126
128
129
123
120
122
126
129
126
123
123
128
130
130
129
131
135
138
137
133
131
134
133
131
130
133
129
129
129
131
134
130
128
128
130
131
134
133
132
129
130
131
134
131
128
127
128
127
126
124
122
122
126
129
128
126
124
127
128
126
123
123
123
125
125
125
125
124
126
128
131
128
127
126
126
128
130
129
129
128
129
135
136
131
129
129
132
130
128
128
129
130
129
129
131
131
129
130
132
135
133
130
128
128
127
128
129
129
129
128
128
129
128
128
126
126
126
125
127
127
126
128
128
128
128
127
128
125
125
126
125
124
124
124
127
127
128
127
126
127
130
132
133
128
128
130
133
134
131
130
130
135
136
134
131
130
131
131
132
132
133
133
133
132
132
133
131
130
131
132
130
128
125
127
128
128
125
126
125
126
125
124
125
125
125
125
128
128
127
126
126
129
129
127
123
125
128
128
126
126
128
131
129
130
129
130
131
133
130
130
130
130
130
132
134
132
130
128
129
132
132
129
128
129
131
130
130
128
128
131
133
130
128
127
128
130
128
128
126
127
128
128
131
129
128
129
129
130
128
127
128
128
130
129
130
130
128
128
129
131
130
128
126
128
128
129
128
128
128
128
128
128
126
126
128
128
125
122
124
127
128
126
127
129
129
129
128
128
128
128
128
129
128
128
127
128
131
132
130
130
130
130
130
132
131
131
131
131
132
130
130
130
132
132
131
130
130
131
129
129
128
130
128
129
129
129
128
127
127
128
128
127
125
125
127
128
129
128
126
125
126
128
126
125
126
126
127
127
127
128
128
128
128
128
128
128
128
128
129
128
130
131
130
130
129
129
130
130
131
132
132
131
131
132
133
133
133
134
135
135
134
131
130
131
131
131
130
129
129
129
129
129
128
127
127
125
124
125
126
125
122
121
121
123
124
123
122
122
122
123
124
122
123
124
126
127
127
127
127
128
127
128
128
129
127
128
128
130
129
129
129
130
129
130
130
129
128
128
130
130
128
130
129
128
128
129
130
130
127
125
127
128
128
125
124
125
127
128
128
127
124
122
124
126
125
124
122
124
125
126
126
126
124
124
125
128
129
128
128
128
128
128
129
129
129
129
129
131
133
132
131
131
130
131
133
133
132
131
130
132
132
131
130
128
128
129
130
131
130
128
129
130
130
128
128
126
127
128
128
126
125
125
126
128
127
127
126
127
126
128
126
127
126
126
125
125
126
126
126
126
125
127
128
128
128
127
128
128
129
128
127
127
128
131
131
128
128
128
130
131
130
130
129
129
129
129
129
128
128
127
128
129
129
128
127
127
128
129
129
128
127
128
128
128
128
127
128
128
128
128
128
128
128
128
129
130
130
128
129
129
129
129
129
130
130
128
128
129
130
129
128
128
129
130
130
129
129
129
129
129
130
129
129
129
129
129
130
129
129
130
131
130
128
128
128
129
130
129
129
128
128
129
128
128
128
128
130
130
128
128
128
129
128
128
127
128
128
128
128
128
127
127
127
125
125
125
127
128
126
123
123
125
125
124
124
124
124
123
123
123
125
126
126
125
125
127
128
128
128
127
128
128
129
128
128
129
130
129
129
129
130
131
131
130
130
130
130
130
130
130
129
128
128
129
128
128
128
128
128
129
128
128
128
129
128
128
129
129
130
129
128
128
129
130
129
128
128
129
130
130
129
128
128
129
128
128
127
128
128
127
126
126
127
128
127
127
126
126
126
126
127
127
127
126
126
126
126
128
128
127
127
127
128
128
127
126
127
128
128
127
127
125
125
127
128
126
125
124
125
127
126
126
126
126
127
126
125
125
126
127
126
126
126
125
125
125
125
126
126
126
125
126
126
127
127
127
127
127
127
128
128
128
128
128
128
128
129
129
129
129
130
131
131
131
130
130
130
132
133
132
131
130
131
130
130
130
130
130
129
130
130
131
130
129
130
130
129
129
129
130
129
129
129
129
129
129
130
131
130
129
130
130
130
128
128
128
130
130
130
128
128
128
129
128
128
127
127
128
128
127
126
127
128
128
128
127
127
127
128
128
128
127
127
128
128
128
127
128
128
128
128
128
128
128
128
128
128
129
128
128
128
129
130
129
128
128
128
129
129
128
128
128
128
129
129
128
128
128
128
129
128
128
128
128
128
128
128
128
129
129
129
128
128
129
130
130
130
130
131
133
132
133
133
133
134
133
132
133
132
134
134
133
132
132
132
132
132
132
130
130
131
131
130
129
128
128
129
129
128
127
127
128
128
128
126
126
125
125
126
127
127
126
126
127
127
127
126
126
126
126
126
126
127
127
128
128
128
128
128
128
128
128
128
128
128
129
128
128
128
129
129
129
128
129
128
128
128
128
128
128
128
128
129
128
128
128
128
128
128
128
128
128
128
129
129
128
128
128
128
128
128
128
128
127
127
127
128
128
128
128
128
128
128
128
128
128
128
128
128
128
128
129
129
129
130
130
131
130
130
130
131
131
131
131
131
131
131
130
130
131
131
130
129
129
130
130
130
129
128
129
130
130
129
128
128
128
128
128
128
127
127
128
128
128
128
128
128
127
127
128
128
128
128
128
128
128
128
128
129
128
128
128
128
128
128
129
129
128
128
128
129
129
128
128
129
129
129
128
128
128
128
128
130
129
129
129
129
128
128
129
129
129
128
129
130
130
130
129
129
129
129
129
130
129
129
129
129
130
129
129
129
129
129
129
130
130
129
128
129
130
129
129
129
129
129
130
130
129
129
128
128
128
128
128
128
129
129
128
128
128
128
128
128
128
129
129
128
127
128
128
128
128
128
127
127
128
128
128
128
127
127
127
127
128
128
127
127
126
127
127
127
126
126
127
127
127
127
127
127
126
126
127
128
127
127
127
128
128
128
128
128
128
128
129
128
129
129
129
129
129
129
129
129
130
130
129
129
130
130
128
128
128
129
129
128
128
128
129
129
129
128
128
128
129
129
128
128
128
129
129
129
128
129
129
129
129
129
129
128
128
128
128
128
128
129
129
128
128
128
128
129
128
128
128
128
128
128
128
127
126
126
127
126
126
127
127
127
127
127
127
127
127
127
127
126
126
126
125
126
126
126
126
126
126
126
127
127
128
127
127
127
127
128
127
127
127
126
126
127
126
126
127
127
127
127
127
128
128
128
128
128
128
128
128
128
128
128
128
128
128
128
128
129
129
129
129
129
129
129
129
129
128
129
129
129
128
128
128
128
128
128
129
128
128
128
129
129
129
129
129
129
129
130
129
129
129
129
130
130
129
128
128
129
130
130
129
128
128
128
129
129
128
128
128
129
129
128
128
128
128
128
128
127
127
127
127
127
128
127
126
126
126
127
127
126
126
126
127
127
126
125
125
126
126
126
125
125
125
126
126
126
126
126
127
127
128
128
128
128
128
128
128
128
128
128
128
128
128
128
128
128
128
128
129
129
128
128
128
128
128
128
128
128
128
128
127
127
127
127
127
126
127
127
126
127
127
128
128
128
127
128
128
128
128
128
128
128
128
128
128
128
128
128
128
128
129
129
128
128
128
128
128
128
128
128
128
128
128
128
128
128
128
128
128
128
127
128
128
128
127
127
127
128
128
127
127
126
126
127
126
126
126
126
125
126
126
126
126
126
127
126
125
126
127
128
127
127
128
128
128
128
128
128
128
128
129
129
